rf = 142.5;
re = 232.5;
f = 280.51;
e = 93.53;
t = (f - e)*tand(30)/2;
