L1 = 142;
L2 = 227;
Ra = 90;
Rb = 35;
R = Ra - Rb;
