rf = 184;%142.5;
re = 232.5; %154.4
f = 154.4*2; %280.51;
e = 46.3*2; %93.53;
t = (f - e)*tand(30)/2;
