L1 = 142.5;
L2 = 232.5;
Ra = 81;
Rb = 27;
R = Ra - Rb;
